011111110000000011111011
001111110000000011111011
000111110000000011111011
000011110000000011111011
000001110000000011111011
000000001111110011111000
000001010000010011111111
000001000000010011111111
111110110111101100000100
111110110011101100000100
111110110001101100000100
111110110000101100000100
111110110000001100000100
111110001111100000000100
111111110000010100000100
111111110000010000000100
000000001111111101111011
000000001111111100111011
000000001111111100011011
000000001111111100001011
000000001111111100000011
111111000000000011111000
000001001111111100000101
000001001111111100000100
