01111111111000000000000
00110000000010111111111
00010000000010111111111
00001000010000011111111
01100000000011101110111
01111010100111110000000
01111001101111110000000
01111100101111110000000
01111000010111110000000
01101111001111100000000
01111100100111110000000
11111000000011110000100
10010000000001011111111
11110000000000111111111
10010000000010011111111
10001000010000001111111
10000111111100000101011
10000111111100000011001
10000111111100001001001
10001111111100000000100
10000111111000001110010
10000111111100000111001
10000111111100000001100
